2 0.6083802046875 0.331395884375 0.607518834375 0.354445903125 0.6389592984375 0.3549469828125 0.6441276171875 0.3759926640625 0.7295884921875 0.3754207390625 0.7302659296875 0.318367596875 0.68935023125 0.254228396875 0.579093165625 0.28279038125 0.6083802046875 0.331395884375
2 0.5157814859375 0.40956557031249996 0.5170735734374999 0.3584546 0.604934659375 0.353443725 0.6078979234374999 0.330936640625 0.5713407375 0.2677577640625 0.4593609296875 0.290807784375 0.461945040625 0.3073436765625 0.5157814859375 0.40956557031249996
2 0.69408783125 0.474854340625 0.7737657703124999 0.4843749921875 0.775057825 0.44529016875 0.7608450234374999 0.3736346453125 0.6466666015625 0.3766738140625 0.6514493609375 0.44779560625 0.69408783125 0.45481083906249997 0.69408783125 0.474854340625
2 0.646281075 0.4472945265625 0.6480038140625 0.42023579218749996 0.6380979296875 0.3545933421875 0.5185145875 0.3585042515625 0.51922703125 0.42875428437499996 0.5510982140625 0.487882646875 0.5730635093750001 0.4397782140625 0.646281075 0.4472945265625
2 0.68857051875 0.6522399328125 0.7137791765625 0.5648064046875 0.82174825625 0.57808743125 0.8198457453125 0.48954716718749997 0.694235 0.47410119375 0.6662157 0.547651715625 0.6676426171875 0.65002641875 0.68857051875 0.6522399328125
2 0.54492883125 0.512788990625 0.6215060234374999 0.566466571875 0.6243598234375 0.6467061671875001 0.667166953125 0.65002641875 0.6647887796874999 0.547098346875 0.6719233015625 0.529943678125 0.6698546703125 0.5342979296875 0.6957050406249999 0.472945865625 0.6933268671875 0.4535776828125 0.5753694640625 0.43918989843749995 0.54492883125 0.512788990625
2 0.7137791765625 0.565132009375 0.6890461828125 0.6503520234375 0.7394634625000001 0.657545915625 0.7400224468750001 0.784079790625 0.8198457453125 0.79644345 0.84267619375 0.7101166984375 0.8441031125 0.5845001937500001 0.7137791765625 0.565132009375
2 0.61009078125 0.8794499468750001 0.735182740625 0.8838769765625001 0.7388331640625 0.6560752359375 0.6081882703125 0.6503520234375 0.597724284375 0.7433192984375 0.6034319234375001 0.8717026656250001 0.61009078125 0.8794499468750001
2 0.599950446875 0.8551438578124999 0.5953688984375 0.7445375640624999 0.59765969375 0.71588648125 0.596038628125 0.6291681515625 0.4596397625 0.6272681625 0.4539127953125 0.7172190921875 0.45849438593749997 0.851812340625 0.599950446875 0.8551438578124999
2 0.531799578125 0.5073336015625001 0.43444114375 0.5646356531250001 0.519200225 0.6266018437499999 0.5947962109375 0.6279344546875001 0.5989025875 0.7116464984374999 0.6073955203125 0.6512550671875 0.6240037328125 0.6512550671875 0.6199948281250001 0.5686334625 0.531799578125 0.5073336015625001
2 0.3010027609375 0.8771318328125 0.4058063109375 0.8151656671874999 0.40007934531249995 0.6785734875 0.31465467812500003 0.6141720890625 0.2110894015625 0.675241971875 0.21967985156249997 0.8038384828125 0.3010027609375 0.8771318328125
2 0.3010027609375 0.6037515640625 0.2798130015625 0.524461421875 0.1480927671875 0.5431179312500001 0.1515289828125 0.6130797671875 0.1692825265625 0.7563349265625 0.2151321109375 0.751636 0.21051675625000002 0.6770448874999999 0.30272086875 0.6157449640625 0.3010027609375 0.6037515640625
2 0.48770190781249995 0.6057504171875 0.40065203125000004 0.5431179312500001 0.29871200781249996 0.6017526078125 0.30214822343750003 0.6197428 0.31646563906249997 0.6117471546875 0.3989339234375 0.6790437671875 0.4048693796875 0.7857936984375 0.4539127953125 0.7616653734375001 0.4579217 0.6317362515625 0.4917108109375 0.627072175 0.48770190781249995 0.6057504171875
2 0.4338684125 0.5669088234374999 0.53523575 0.508940440625 0.5432535109375001 0.5142708625 0.5512712296875 0.4922828609375 0.5136998125 0.4217226140625 0.38862541093749997 0.449639446875 0.42241447968749996 0.520267575 0.42699607031250003 0.5615783765625 0.4338684125 0.5669088234374999
2 0.5172797609375 0.42338884375 0.48483842343749994 0.3563570015625 0.3708718234375 0.3776787078125 0.39836123749999997 0.4456416390625 0.5172797609375 0.42338884375
2 0.48483842343749994 0.35768961250000003 0.4521247 0.2917567375 0.3462458484375 0.3143798921875 0.3496819765625 0.3783450015625 0.3708718234375 0.3790113203125 0.48483842343749994 0.35768961250000003
2 0.23514264375 0.414991675 0.249460059375 0.43164925624999995 0.2511781671875 0.3996667078125 0.346874215625 0.3767344265625 0.32104714375 0.309715778125 0.2082259171875 0.3270396625 0.214525615625 0.420988415625 0.23514264375 0.414991675
2 0.2683590671875 0.487148453125 0.266640959375 0.5277929390625 0.27809489374999996 0.525127740625 0.2992847390625 0.599087384375 0.40065203125000004 0.5417853218750001 0.4263490703125 0.560019640625 0.42527796406249996 0.526460353125 0.3891980984375 0.45449958749999997 0.2683590671875 0.487148453125
2 0.2672136921875 0.527596925 0.2672136921875 0.48895134531249995 0.283249215625 0.4776241859375 0.2437330921875 0.413659065625 0.1251849015625 0.441643803125 0.13205724375 0.5622446703125 0.15212501875 0.593344225 0.145229284375 0.5442545046875 0.163555559375 0.5409229890625 0.2672136921875 0.527596925
2 0.2517508984375 0.398334096875 0.249460059375 0.4236536125 0.28153110937500003 0.48028938437499996 0.38911760625 0.45171474062500006 0.3972158609375 0.4436427078125 0.3668628765625 0.3770123890625 0.2517508984375 0.398334096875