2 0.0544840953125 0.35635419687500003 0.122950521875 0.348134965625 0.127100103125 0.2894262203125 0.11257680625 0.2342400140625 0.0399607984375 0.24011088906250003 0.0378860875 0.2988196109375 0.0544840953125 0.35635419687500003
0 0.23187453281249998 0.3786635390625 0.289967403125 0.3540058390625 0.2929139390625 0.3012610609375 0.25884625781250004 0.2495043234375 0.196603965625 0.2812069875 0.1945292546875 0.33404485781250004 0.23187453281249998 0.3786635390625
1 0.3584339875 0.3575283546875 0.41860148906249994 0.3269998265625 0.42130998281250004 0.27189838593750004 0.38229340624999997 0.2271949609375 0.32316326093750003 0.26242020781250003 0.3190138375 0.3164322328125 0.3584339875 0.3575283546875
1 0.368807703125 0.48081671718749996 0.43001256093749995 0.4502881875 0.4320873515625 0.389231084375 0.4018560375 0.34383694375 0.34391069218750003 0.36574758749999997 0.3376865578125 0.42797884843749995 0.368807703125 0.48081671718749996
1 0.8055411031249999 0.5136936515625 0.847035965625 0.48433927812500005 0.8557814390624999 0.42311617031250004 0.8076158140624999 0.3821860546875 0.7547098828125 0.4209338171875 0.74848566875 0.47494584218749997 0.8055411031249999 0.5136936515625
1 0.894755040625 0.48551343593749996 0.9611468343749999 0.486687590625 0.9673173953124999 0.434861240625 0.95907204375 0.36809594687499997 0.894755040625 0.3786635390625 0.884381325 0.42210797343750006 0.894755040625 0.48551343593749996
1 0.42690049375 0.899997159375 0.465283209375 0.8553785671874999 0.4654055921875 0.8033628296875 0.404078271875 0.76614120625 0.36777026875 0.8283725093750001 0.36569555781249996 0.8659460703124999 0.42690049375 0.899997159375
1 0.141623240625 0.62289190625 0.17170711249999998 0.6358078125 0.1976414 0.6052792828125 0.21942610624999997 0.6005825640625 0.244927540625 0.6125054343749999 0.2422482484375 0.5700540359375 0.18726768437500002 0.519564525 0.1395485296875 0.5747507093750001 0.141623240625 0.62289190625
2 0.8283632453124999 0.613498515625 0.7609340953125 0.6064534390625 0.7515977359375 0.6722072156250001 0.7468393421874999 0.727019871875 0.8179895296874999 0.7309159578125 0.8200642421875 0.685123209375 0.8283632453124999 0.613498515625
2 0.5223386421875 0.4162371 0.584580934375 0.3868827265625 0.5847231265625 0.3394325421875 0.5410113625 0.28825206406250004 0.4849932828125 0.31760643593750004 0.4818811375 0.3774893359375 0.5223386421875 0.4162371
0 0.62192629375 0.579447515625 0.6883180890625 0.5665315203125 0.6988529421874999 0.51854486875 0.6779443734374999 0.4573332203125 0.606365721875 0.4714233265625 0.604291009375 0.5348287890625001 0.62192629375 0.579447515625
0 0.3127895453125 0.7532253 0.37918141875 0.7332643609375 0.3811051609375 0.6844439906249999 0.3553218421875 0.619369390625 0.2910048390625 0.6440270890625001 0.2910048390625 0.706258303125 0.3127895453125 0.7532253
0 0.16963224062499999 0.690994084375 0.209052390625 0.74030939375 0.252621965625 0.710955021875 0.26308455625 0.7108704 0.27129468437500004 0.6498979640625 0.2215008171875 0.6017567671874999 0.17481909843750001 0.6416786859375 0.16963224062499999 0.690994084375
0 0.6727575156250001 0.1649637015625 0.614664725 0.1978405890625 0.614664725 0.22954329687500002 0.6488979390625 0.24363345 0.645678825 0.2953885265625 0.7028413062500001 0.2765103140625 0.70906551875 0.2178015484375 0.6727575156250001 0.1649637015625
1 0.5828672421875 0.338046446875 0.6180161156249999 0.346485515625 0.638785915625 0.29524836875 0.6396641703125 0.240581240625 0.5754114109375 0.22592752031250002 0.558902096875 0.27716466875 0.556239303125 0.3060985828125 0.5828672421875 0.338046446875
0 0.9024025390625001 0.332798690625 0.8651234234375 0.28698665156250003 0.8092047296875 0.3141122 0.8044116921875 0.36655493125 0.843821071875 0.4159837140625 0.8933374078125 0.39282876718750004 0.8938815859375 0.3786107328125 0.90186996875 0.374391196875 0.9024025390625001 0.332798690625